6.46 2884031.503 2.884031503 1.00E+02 2
6.48 3019951.72 3.01995172 9.13E+01 1.960470778
6.499999 3162270.379 3.162270379 8.33E+01 1.920645001
6.52 3311311.215 3.311311215 7.61E+01 1.881384657
6.539999 3467360.521 3.467360521 6.98E+01 1.843855423
6.56 3630780.548 3.630780548 6.41E+01 1.80685803
6.579999 3801885.209 3.801885209 5.91E+01 1.771587481
6.6 3981071.706 3.981071706 5.46E+01 1.737192643
6.619999 4168684.236 4.168684236 5.06E+01 1.704150517
6.639999 4365148.271 4.365148271 4.70E+01 1.672097858
6.66 4570881.896 4.570881896 4.37E+01 1.640481437
6.679999 4786289.902 4.786289902 4.08E+01 1.610660163
6.699999 5011860.796 5.011860796 3.81E+01 1.580924976
6.72 5248074.602 5.248074602 3.57E+01 1.552668216
6.739999 5495396.085 5.495396085 3.35E+01 1.525044807
6.759999 5754386.123 5.754386123 3.15E+01 1.498310554
6.78 6025595.861 6.025595861 2.97E+01 1.472756449
6.799999 6309558.916 6.309558916 2.81E+01 1.44870632
6.819999 6606919.267 6.606919267 2.66E+01 1.424881637
6.839999 6918293.779 6.918293779 2.52E+01 1.401400541
6.86 7244359.601 7.244359601 2.39E+01 1.378397901
6.879999 7585758.283 7.585758283 2.27E+01 1.356025857
6.899999 7943264.057 7.943264057 2.16E+01 1.334453751
6.919999 8317618.559 8.317618559 2.06E+01 1.31386722
6.939999 8709615.845 8.709615845 1.97E+01 1.294466226
6.959999 9120087.394 9.120087394 1.89E+01 1.276461804
6.979999 9549903.871 9.549903871 1.81E+01 1.257678575
6.999999 9999976.974 9.999976974 1.73E+01 1.238046103
7.02 10471285.48 10.47128548 1.66E+01 1.220108088
7.040001 10964807.21 10.96480721 1.60E+01 1.204119983
7.059999 11481509.78 11.48150978 1.54E+01 1.187520721
7.079998 12022588.98 12.02258898 1.48E+01 1.170261715
7.099998 12589196.14 12.58919614 1.43E+01 1.155336037
7.119998 13182506.68 13.18250668 1.38E+01 1.139879086
7.139998 13803779.08 13.80377908 1.34E+01 1.127104798
7.16 14454397.71 14.45439771 1.29E+01 1.11058971
7.18 15135612.48 15.13561248 1.25E+01 1.096910013
7.199999 15848895.43 15.84889543 1.21E+01 1.08278537
7.219998 16595792.65 16.59579265 1.18E+01 1.071882007
7.24 17378008.29 17.37800829 1.15E+01 1.06069784
7.26 18197008.59 18.19700859 1.11E+01 1.045322979
7.28 19054607.18 19.05460718 1.08E+01 1.033423755
7.3 19952623.15 19.95262315 1.05E+01 1.021189299
7.319999 20892913.2 20.8929132 1.03E+01 1.012837225
7.34 21877616.24 21.87761624 1.00E+01 1
7.359999 22908623.78 22.90862378 9.75E+00 0.989004616
7.38 23988329.19 23.98832919 9.52E+00 0.978636948
7.399999 25118806.48 25.11880648 9.29E+00 0.968015714
7.419999 26302619.35 26.30261935 9.08E+00 0.958085849
7.439999 27542223.61 27.54222361 8.87E+00 0.94792362
7.462398 29000000.14 29.00000014 8.64E+00 0.936513742
7.477121 29999982.4 29.9999824 8.51E+00 0.92992956
7.491362 31000021.85 31.00002185 8.38E+00 0.923244019
7.50515 32000001.6 32.0000016 8.26E+00 0.916980047
7.518514 33000004.57 33.00000457 8.14E+00 0.910624405
7.531479 34000006.49 34.00000649 8.03E+00 0.904715545
7.544068 34999996.43 34.99999643 7.92E+00 0.898725182
7.556303 36000041.38 36.00004138 7.82E+00 0.893206753
7.568202 37000023.51 37.00002351 7.73E+00 0.888179494
7.579783 37999947.8 37.9999478 7.64E+00 0.883093359
7.591064 38999945.49 38.99994549 7.55E+00 0.877946952
7.60206 40000000.8 40.0000008 7.47E+00 0.873320602
7.628389 42500006.85 42.50000685 7.28E+00 0.862131379
7.653213 45000050.38 45.00005038 7.10E+00 0.851258349
7.676693 47499933.32 47.49993332 6.95E+00 0.841984805
7.69897 49999999.5 49.9999995 6.80E+00 0.832508913
7.72016 52500084.21 52.50008421 6.67E+00 0.824125834
7.740363 55000039.32 55.00003932 6.54E+00 0.815577748
7.756545 57088022.56 57.08802256 6.45E+00 0.809559715
7.806545 64053814.83 64.05381483 6.16E+00 0.789580712
7.856545 71869562.31 71.86956231 5.89E+00 0.770115295
7.906545 80638975.22 80.63897522 5.63E+00 0.750508395
7.956545 90478418.33 90.47841833 5.39E+00 0.731588765
8.006543 101517987.6 101.5179876 5.15E+00 0.711807229
8.056546 113905842.3 113.9058423 4.94E+00 0.693726949
8.106544 127803868.6 127.8038686 4.72E+00 0.673941999
8.156547 143399289.7 143.3992897 4.51E+00 0.654176542
8.206545 160895908.4 160.8959084 4.31E+00 0.63447727
8.256547 180529009.8 180.5290098 4.12E+00 0.614897216
8.306547 202556880.5 202.5568805 3.94E+00 0.595496222
8.356546 227272034.7 227.2720347 3.76E+00 0.575187845
8.406547 255004004.2 255.0040042 3.59E+00 0.555094449
8.456547 286119198.6 286.1191986 3.43E+00 0.53529412
8.506547 321031021 321.031021 3.27E+00 0.514547753
8.556547 360202730 360.20273 3.12E+00 0.494154594
8.606546 404153179.7 404.1531797 2.98E+00 0.474216264
8.656548 453469414.3 453.4694143 2.84E+00 0.45331834
8.706548 508801051.3 508.8010513 2.71E+00 0.432969291
8.756548 570884169.1 570.8841691 2.58E+00 0.411619706
8.806548 640542573 640.542573 2.46E+00 0.390935107
8.856548 718700587.7 718.7005877 2.34E+00 0.369215857
8.906549 806397179.3 806.3971793 2.23E+00 0.348304863
8.956549 904792516.7 904.7925167 2.13E+00 0.328379603
9.006547 1015189226 1015.189226 2.03E+00 0.307496038
9.05655 1139068914 1139.068914 1.94E+00 0.28780173
9.106548 1278050457 1278.050457 1.86E+00 0.269512944
9.156549 1433999500 1433.9995 1.77E+00 0.247973266
9.206551 1608981312 1608.981312 1.70E+00 0.230448921
9.225309 1679998910 1679.99891 1.67E+00 0.222716471
9.230449 1700000308 1700.000308 1.67E+00 0.222716471
9.255273 1800002051 1800.002051 1.63E+00 0.212187604
9.278753 1899997371 1899.997371 1.60E+00 0.204119983
9.30103 2000000020 2000.00002 1.57E+00 0.195899652
9.322219 2099998575 2099.998575 1.54E+00 0.187520721
9.342422 2199996551 2199.996551 1.51E+00 0.178976947
9.361728 2300000868 2300.000868 1.49E+00 0.173186268
9.380211 2399998664 2399.998664 1.47E+00 0.167317335
9.39794 2499999950 2499.99995 1.45E+00 0.161368002
9.414973 2599997917 2599.997917 1.43E+00 0.155336037
9.439333 2750001939 2750.001939 1.40E+00 0.146128036
9.477121 2999998240 2999.99824 1.36E+00 0.133538908
9.511884 3250004782 3250.004782 1.33E+00 0.123851641
9.544068 3499999643 3499.999643 1.30E+00 0.113943352
9.574031 3749997688 3749.997688 1.27E+00 0.103803721
9.60206 4000000080 4000.00008 1.24E+00 0.093421685
9.628389 4250000685 4250.000685 1.22E+00 0.086359831
9.653213 4500005038 4500.005038 1.20E+00 0.079181246
9.676694 4750004270 4750.00427 1.18E+00 0.071882007
9.69897 4999999950 4999.99995 1.17E+00 0.068185862
9.72016 5250008421 5250.008421 1.15E+00 0.06069784
9.740363 5500003932 5500.003932 1.14E+00 0.056904851
9.759667 5749988816 5749.988816 1.12E+00 0.049218023
9.778152 6000010356 6000.010356 1.11E+00 0.045322979
9.79588 6249999750 6249.99975 1.10E+00 0.041392685
9.812913 6499994662 6499.994662 1.09E+00 0.037426498
9.829304 6750003531 6750.003531 1.08E+00 0.033423755
9.845098 6999999355 6999.999355 1.07E+00 0.029383778
9.860338 7249999890 7249.99989 1.06E+00 0.025305865
9.875061 7499995451 7499.995451 1.05E+00 0.021189299
9.889301 7749987464 7749.987464 1.04E+00 0.017033339
9.90309 8000000240 8000.00024 1.03E+00 0.012837225
9.916454 8250000977 8250.000977 1.03E+00 0.012837225
9.929419 8500001454 8500.001454 1.02E+00 0.008600172
9.942008 8749998932 8749.998932 1.01E+00 0.004321374
9.954243 9000010166 9000.010166 1.01E+00 0.004321374
9.966142 9250005692 9250.005692 1.00E+00 0
9.977724 9500008634 9500.008634 9.97E-01 -0.001304842
9.989004 9749986177 9749.986177 9.90E-01 -0.004364805
10 10000000000 10000 9.84E-01 -0.007004902
10.010724 10250003177 10250.00318 9.80E-01 -0.008773924
10.02119 10500016947 10500.01695 9.75E-01 -0.010995384
10.031408 10749988508 10749.98851 9.70E-01 -0.013228266
10.041392 10999982646 10999.98265 9.65E-01 -0.015472687
10.051152 11249986466 11249.98647 9.61E-01 -0.017276612
10.060698 11500004227 11500.00423 9.57E-01 -0.019088062
10.070038 11750003609 11750.00361 9.53E-01 -0.020907099
10.079182 12000020832 12000.02083 9.50E-01 -0.022276395
10.088136 12249997498 12249.9975 9.44E-01 -0.025028006
10.09691 12499999626 12499.99963 9.40E-01 -0.026872146
10.10551 12749994576 12749.99458 9.37E-01 -0.028260409
10.113943 12999989454 12999.98945 9.33E-01 -0.030118356
10.122216 13250003714 13250.00371 9.30E-01 -0.031517051
10.130334 13500007196 13500.0072 9.26E-01 -0.033389013
10.138303 13750009556 13750.00956 9.24E-01 -0.034328029
10.146128 13999998850 13999.99885 9.19E-01 -0.036684489
10.153815 14250004451 14250.00445 9.17E-01 -0.037630664
10.161368 14499999925 14499.99993 9.14E-01 -0.039053804
10.168792 14749999310 14749.99931 9.09E-01 -0.041436117
10.176091 14999991053 14999.99105 9.09E-01 -0.041436117
10.18327 15250005489 15250.00549 9.05E-01 -0.043351421
10.190331 15499975082 15499.97508 9.02E-01 -0.044793462
10.197281 15750016025 15750.01602 8.98E-01 -0.046723663
10.20412 16000000639 16000.00064 8.98E-01 -0.046723663
10.210854 16250023748 16250.02375 8.96E-01 -0.04769199
10.217484 16500002119 16500.00212 8.91E-01 -0.050122296
10.224015 16750007275 16750.00728 8.90E-01 -0.050609993
10.230449 17000003078 17000.00308 8.86E-01 -0.052566278
10.236789 17249996052 17249.99605 8.84E-01 -0.053547735
10.243038 17499998038 17499.99804 8.82E-01 -0.054531415
10.249198 17749985393 17749.98539 8.79E-01 -0.056011125
10.255273 18000020512 18000.02051 8.76E-01 -0.057495894
10.261263 18250005514 18250.00551 8.74E-01 -0.058488567
10.267172 18500011569 18500.01157 8.71E-01 -0.059981845
10.273002 18750031428 18750.03143 8.70E-01 -0.060480747
10.278753 18999973709 18999.97371 8.66E-01 -0.062482108
10.284431 19250011797 19250.0118 8.65E-01 -0.062983893
10.290034 19499972550 19499.97255 8.63E-01 -0.063989204
10.295568 19750040930 19750.04093 8.62E-01 -0.064492734
10.30103 20000000200 20000.0002 8.60E-01 -0.065501549
